"","Gaus","Unif","Pois","Exp","X2","Binom","Cauchy"
"1",-2.22886893432637,0.247995576355606,2,0.797865479694486,1.56178281690101,51,1.16315726322154
"2",0.90872129398702,0.0930361403152347,0,0.636836049612612,0.0260895736857222,44,-3.00571323856685
"3",-1.05162834072416,0.841059783473611,0,0.0346480496227741,0.95377821819311,50,-0.789414024348569
"4",-0.525118784707329,0.9909219131805,1,0.245105767156929,1.19586553668044,52,0.640636489265563
"5",0.68522845482148,0.938198704505339,6,0.200544498860836,0.836766639298355,55,-1.76193592217175
"6",0.256227308972157,0.786460881587118,1,1.69939544229748,2.60477338622042,48,0.225605209493623
"7",-0.0981328480062378,0.0481302358675748,3,0.514245751313865,1.82032048588767,44,1.31106713788897
"8",-1.28316838898887,0.019140818156302,1,0.160074313529479,0.00920376886467151,40,-0.812079332778575
"9",0.00936249630667414,0.957550046732649,0,3.41333091242199,1.83894792000889,53,0.389641183789477
"10",-0.835433535492039,0.643353434512392,1,0.250232034894826,8.80221772923573,45,1.73276639227659
"11",-1.04144161467511,0.176544573390856,0,2.08874663139198,0.0117207011698947,55,0.534387405065008
"12",0.306095915870694,0.119803839828819,2,1.29389026849986,0.539611780456958,49,-1.46150739758362
"13",0.352313316721685,0.1164367091842,1,0.4118797252886,0.481990117493983,50,-0.560887386572942
"14",-1.38999619147875,0.00508494325913489,2,1.1940612643537,2.71871655861402,55,3.7312636905269
"15",0.0492271927260474,0.20942096458748,1,0.719867852787078,0.411980110746102,45,3.12771761031386
"16",0.75670824842648,0.317003882722929,0,0.548033818602562,0.257792023840175,47,-11.3994301139785
"17",0.829702761214591,0.794511886313558,2,0.0774980345740914,2.00540312163892,49,0.668462144081349
"18",0.664739640766124,0.639865535544232,1,1.59505587994101,0.0115381642708322,47,0.0762394992694923
"19",0.935674301960858,0.510153611190617,1,1.05843008119137,0.625234360225835,49,1.67341614672989
"20",0.629676781468111,0.964004044886678,1,3.72422026635563,0.187869107858965,55,-2.72292985309106
"21",0.299217923194863,0.757314340909943,1,0.0794026446814345,0.0453727650761407,51,-0.575296899167483
"22",-1.08400603890554,0.376431121956557,0,5.29677455284097,1.26881679853241,47,1.39793798681527
"23",-0.114739193314019,0.122295106295496,1,0.969853051896107,0.00409666741152599,50,-0.323144442366026
"24",-0.938622084767331,0.907518429448828,0,0.73154424592377,0.0800121450921286,52,-0.141254888853207
"25",0.319173813288395,0.48694212641567,1,2.08433234120224,0.0189747882434343,53,0.16775494450707
"26",0.0794173714370402,0.977081300225109,1,1.1614874023524,4.21280396603082,54,-0.488117448760028
"27",0.774205602230436,0.284898988669738,2,2.14170398854102,1.45129056788754,48,1.61484641492033
"28",-0.166453310405672,0.175979580031708,1,4.79693658997245,1.0936768307498,59,2.50056175810483
"29",1.58528628368067,0.494086587801576,1,0.445352713197757,3.16503734677998,50,-0.0538067686730296
"30",-0.520959005149592,0.0558983702212572,1,0.634333642665297,3.58609502231386,52,-3.98479653627041
"31",-2.84418460444027,0.382720169844106,0,0.84994369715249,0.433687370858216,51,0.567167715894354
"32",1.74098716489452,0.18942509428598,0,0.382511500734836,0.000692223670173157,44,0.346143802289567
"33",-1.7553367495959,0.661384994862601,0,3.00414362599333,0.344898681468995,51,1.50888924520755
"34",-0.805662396816077,0.954114778432995,4,3.54012159713475,0.0472298030504834,49,-1.18601746590257
"35",0.668190822133424,0.229574132245034,1,0.140562297116735,4.68300132283965,48,0.0329812322834148
"36",0.831036214523073,0.725698939524591,0,0.0225169155746698,0.245762544104961,43,-0.560097775875005
"37",0.211070411437369,0.353101629763842,1,1.96754158652368,0.0661977085648049,44,-0.390550688841931
"38",0.420408476278407,0.29692215193063,1,0.633382949046791,1.47976586152222,48,-0.304611881677092
"39",-0.600749033059297,0.795569009613246,1,0.354076058493333,2.66921856945361,56,-0.452990586760841
"40",-2.41312918646896,0.856200659647584,0,0.232495151460171,0.734744007729045,58,0.507923467552283
