0
0
-0
0
-0
0
-0
4.94066e-324
7.97422e-321
4.47853e-318
2.09958e-315
8.35149e-313
2.85428e-310
8.47106e-308
2.20306e-305
5.06036e-303
1.0337e-300
1.88935e-298
3.1067e-296
4.61819e-294
6.23374e-292
7.67132e-290
8.63825e-288
8.93047e-286
8.50276e-284
7.47696e-282
6.08865e-280
4.6028e-278
3.23763e-276
2.12361e-274
1.3015e-272
7.46728e-271
4.01797e-269
2.03102e-267
9.66011e-266
4.32981e-264
1.83148e-262
7.32114e-261
2.76928e-259
9.92447e-258
3.3738e-256
1.08918e-254
3.34286e-253
9.76418e-252
2.71698e-250
7.20929e-249
1.82581e-247
4.41743e-246
1.0219e-244
2.2622e-243
4.79615e-242
9.7461e-241
1.89965e-239
3.55417e-238
6.38753e-237
1.10346e-235
1.83357e-234
2.93252e-233
4.51708e-232
6.70525e-231
9.59781e-230
1.32551e-228
1.76722e-227
2.27582e-226
2.83242e-225
3.40863e-224
3.96849e-223
4.47212e-222
4.88042e-221
5.16019e-220
5.28861e-219
5.25636e-218
5.06865e-217
4.74409e-216
4.31178e-215
3.80702e-214
3.26679e-213
2.72545e-212
2.21163e-211
1.74628e-210
1.34217e-209
1.00452e-208
7.32372e-208
5.20331e-207
3.6038e-206
2.43403e-205
1.60372e-204
1.03113e-203
6.47185e-203
3.96656e-202
2.37472e-201
1.38919e-200
7.94323e-200
4.44071e-199
2.42807e-198
1.29883e-197
6.7991e-197
3.48407e-196
1.74816e-195
8.5913e-195
4.13653e-194
1.95179e-193
9.02751e-193
4.09405e-192
1.82096e-191
7.94558e-191
3.40201e-190
1.42968e-189
5.89849e-189
2.38973e-188
9.50964e-188
3.71783e-187
1.42832e-186
5.39354e-186
2.00229e-185
7.30946e-185
2.62447e-184
9.27019e-184
3.22196e-183
1.10211e-182
3.71105e-182
1.23032e-181
4.0168e-181
1.29172e-180
4.09225e-180
1.27747e-179
3.93018e-179
1.19188e-178
3.56356e-178
1.05063e-177
3.05498e-177
8.7626e-177
2.47971e-176
6.92445e-176
1.90836e-175
5.19154e-175
1.39433e-174
3.69776e-174
9.68463e-174
2.50535e-173
6.40264e-173
1.61668e-172
4.03392e-172
9.94795e-172
2.42496e-171
5.84393e-171
1.3925e-170
3.28122e-170
7.6469e-170
1.76281e-169
4.02023e-169
9.07156e-169
2.0256e-168
4.47632e-168
9.7913e-168
2.12014e-167
4.54514e-167
9.6481e-167
2.02815e-166
4.22258e-166
8.70826e-166
1.77923e-165
3.60233e-165
7.23064e-165
1.44023e-164
2.85327e-164
5.65339e-164
1.1349e-163
2.37346e-163
5.43236e-163
1.44208e-162
4.53896e-162
1.62739e-161
6.21902e-161
2.40261e-160
9.07879e-160
3.28059e-159
1.10785e-158
3.36752e-158
8.40192e-158
1.11685e-157
-4.84235e-157
-5.56668e-156
-3.55374e-155
-1.87263e-154
-8.88851e-154
-3.93195e-153
-1.64859e-152
-6.61459e-152
-2.55479e-151
-9.53576e-151
-3.44862e-150
-1.21061e-149
-4.13003e-149
-1.37029e-148
-4.42315e-148
-1.38901e-147
-4.24197e-147
-1.25883e-146
-3.62515e-146
-1.01104e-145
-2.72256e-145
-7.04639e-145
-1.74026e-144
-4.05239e-144
-8.70247e-144
-1.64235e-143
-2.35751e-143
-6.58492e-144
1.28823e-142
6.96584e-142
2.63075e-141
8.47283e-141
2.45657e-140
6.52158e-140
1.58214e-139
3.42778e-139
6.16985e-139
6.73076e-139
-1.12052e-138
-1.11747e-137
-5.15511e-137
-1.92395e-136
-6.44863e-136
-2.01892e-135
-6.01956e-135
-1.72847e-134
-4.8142e-134
-1.3071e-133
-3.4721e-133
-9.04854e-133
-2.31845e-132
-5.85008e-132
-1.45543e-131
-3.57278e-131
-8.65589e-131
-2.06909e-130
-4.87508e-130
-1.1303e-129
-2.57151e-129
-5.71984e-129
-1.23566e-128
-2.57515e-128
-5.07381e-128
-9.35305e-128
-1.44448e-127
-1.85937e-127
1.37814e-127
6.15294e-127
7.45517e-126
2.50626e-126
1.14367e-124
-2.2847e-124
2.03563e-123
-8.05435e-123
4.42088e-122
-2.07624e-121
1.02024e-120
-4.89041e-120
2.32745e-119
-1.10109e-118
5.14742e-118
-2.39169e-117
1.09978e-116
-5.01924e-116
2.26961e-115
-1.01788e-114
4.52513e-114
-1.99481e-113
8.71852e-113
-3.77832e-112
1.62352e-111
-6.91729e-111
2.92236e-110
-1.22422e-109
5.08525e-109
-2.09459e-108
8.55501e-108
-3.46478e-107
1.39144e-106
-5.5409e-106
2.18785e-105
-8.56579e-105
3.32517e-104
-1.27979e-103
4.88337e-103
-1.84724e-102
6.92652e-102
-2.57422e-101
9.48105e-101
-3.46002e-100
1.25092e-99
-4.47925e-99
1.58814e-98
-5.57363e-98
1.9355e-97
-6.64756e-97
2.25703e-96
-7.57152e-96
2.50816e-95
-8.19993e-95
2.64453e-94
-8.41147e-94
2.63943e-93
-8.18137e-93
2.51283e-92
-7.69452e-92
2.37427e-91
-7.50417e-91
2.47993e-90
-8.73104e-90
3.29996e-89
-1.32821e-88
5.58605e-88
-2.40461e-87
1.04226e-86
-4.50031e-86
1.92385e-85
-8.1171e-85
3.37564e-84
-1.38326e-83
5.58652e-83
-2.22479e-82
8.74214e-82
-3.39174e-81
1.30018e-80
-4.92782e-80
1.84789e-79
-6.86054e-79
2.52347e-78
-9.20217e-78
3.32919e-77
-1.19578e-76
4.26715e-76
-1.51396e-75
5.34429e-75
-1.87831e-74
6.57705e-74
-2.2958e-73
7.99268e-73
-2.77636e-72
9.6249e-72
-3.33046e-71
1.15023e-70
-3.96433e-70
1.3631e-69
-4.67398e-69
1.59749e-68
-5.43932e-68
1.84402e-67
-6.2208e-67
2.08711e-66
-6.96029e-66
2.30608e-65
-7.58734e-65
2.47795e-64
-8.03013e-64
2.58134e-63
-8.22883e-63
2.60078e-62
-8.14811e-62
2.53006e-61
-7.7852e-61
2.37374e-60
-7.1712e-60
2.14646e-59
-6.36528e-59
1.87011e-58
-5.44346e-58
1.5698e-57
-4.48516e-57
1.26966e-56
-3.56101e-56
9.89557e-56
-2.72448e-55
7.43175e-55
-2.00835e-54
5.37647e-54
-1.42566e-53
3.74397e-53
-9.73572e-53
2.50626e-52
-6.3855e-52
1.60969e-51
-4.01352e-51
9.8943e-51
-2.41076e-50
5.80313e-50
-1.37956e-49
3.23763e-49
-7.49878e-49
1.71366e-48
-3.86345e-48
8.5931e-48
-1.88592e-47
4.08538e-47
-8.73841e-47
1.84583e-46
-3.84831e-46
7.90149e-46
-1.58872e-45
3.08895e-45
-5.64792e-45
9.0557e-45
-9.77379e-45
-9.32711e-45
1.13662e-43
-5.2712e-43
1.96657e-42
-6.61936e-42
2.09127e-41
-6.31298e-41
1.83846e-40
-5.19339e-40
1.42834e-39
-3.83334e-39
1.0058e-38
-2.58272e-38
6.4985e-38
-1.60272e-37
3.8786e-37
-9.20736e-37
2.14691e-36
-4.91135e-36
1.10482e-35
-2.43693e-35
5.2962e-35
-1.12644e-34
2.3718e-34
-4.86106e-34
9.9866e-34
-1.96608e-33
4.01512e-33
-7.49168e-33
1.59685e-32
-2.68066e-32
6.74146e-32
-8.43331e-32
3.35513e-31
-1.28091e-31
2.13581e-30
1.80031e-30
1.7202e-29
3.38912e-29
1.62705e-28
4.40207e-28
1.68332e-27
5.19109e-27
1.8203e-26
5.91327e-26
2.00769e-25
6.64842e-25
2.23223e-24
7.44009e-24
2.48939e-23
8.31392e-23
2.77925e-22
9.28746e-22
3.10424e-21
1.03756e-20
3.46809e-20
1.15929e-19
3.87533e-19
1.29554e-18
4.33118e-18
1.44805e-17
4.84151e-17
1.61882e-16
5.41293e-16
1.81003e-15
6.05285e-15
2.02419e-14
6.7696e-14
2.26408e-13
7.57253e-13
2.53284e-12
8.47214e-12
2.83398e-11
9.48024e-11
3.17146e-10
1.06101e-09
3.54973e-09
1.18765e-08
3.97377e-08
1.32964e-07
4.44921e-07
1.48884e-06
4.98234e-06
1.66738e-05
5.58026e-05
0.000186763
0.000625094
0.00209226
0.00700334
0.0234429
0.0784756
0.262709
0.879492
2.94446
9.85819
33.0069
110.517
