90.4837
87.9389
85.0155
81.7587
78.2191
74.4483
70.4985
66.4215
62.2675
58.0845
53.917
49.8055
45.7866
41.8918
38.1478
34.5767
31.1954
28.0164
25.0478
22.2939
19.7552
17.4291
15.3106
13.3922
11.6647
10.1177
8.73967
7.51857
6.44204
5.49769
4.67332
3.95713
3.33783
2.80478
2.34803
1.95839
1.62743
1.34752
1.11178
0.914045
0.748867
0.611432
0.497526
0.403485
0.326138
0.262757
0.211012
0.168917
0.134795
0.107233
0.085045
0.0672442
0.0530107
0.0416669
0.0326554
0.0255194
0.0198863
0.0154533
0.0119754
0.00925489
0.00713319
0.00548331
0.004204
0.00321482
0.00245212
0.00186566
0.00141592
0.00107196
0.000809595
0.000609979
0.000458496
0.00034383
0.000257248
0.000192031
0.000143027
0.000106292
7.88201e-05
5.83223e-05
4.30633e-05
3.17297e-05
2.33305e-05
1.71195e-05
1.25366e-05
9.16223e-06
6.68292e-06
4.86503e-06
3.53484e-06
2.56349e-06
1.85557e-06
1.34067e-06
9.66879e-07
6.96048e-07
5.00188e-07
3.58809e-07
2.56945e-07
1.83684e-07
1.31089e-07
9.3398e-08
6.6434e-08
4.71776e-08
3.34488e-08
2.36775e-08
1.67343e-08
1.18088e-08
8.32032e-09
5.8535e-09
4.1119e-09
2.88421e-09
2.02013e-09
1.41288e-09
9.8676e-10
6.88189e-10
4.79293e-10
3.33348e-10
2.31529e-10
1.60595e-10
1.11245e-10
7.696e-11
5.31724e-11
3.66905e-11
2.52855e-11
1.7404e-11
1.19644e-11
8.21491e-12
5.63369e-12
3.85892e-12
2.64015e-12
1.80421e-12
1.23153e-12
8.39676e-13
5.71861e-13
3.89034e-13
2.64368e-13
1.79456e-13
1.21687e-13
8.24266e-14
5.57747e-14
3.77014e-14
2.54585e-14
1.71739e-14
1.15737e-14
7.79188e-15
5.24069e-15
3.5214e-15
2.36389e-15
1.58536e-15
1.06224e-15
7.11071e-16
4.75562e-16
3.17767e-16
2.1214e-16
1.41498e-16
9.42972e-17
6.27872e-17
4.17706e-17
2.77653e-17
1.84404e-17
1.22371e-17
8.11392e-18
5.37563e-18
3.55861e-18
2.35389e-18
1.55579e-18
1.02749e-18
6.78062e-19
4.47127e-19
2.94623e-19
1.93989e-19
1.27635e-19
8.39155e-20
5.51318e-20
3.61953e-20
2.37463e-20
1.5568e-20
1.01993e-20
6.67747e-21
4.36876e-21
2.85635e-21
1.86628e-21
1.21859e-21
7.95156e-22
5.18524e-22
3.37915e-22
2.20076e-22
1.43241e-22
9.31731e-23
6.05687e-23
3.93498e-23
2.55492e-23
1.65787e-23
1.07516e-23
6.96847e-24
4.51391e-24
2.92226e-24
1.89078e-24
1.2227e-24
7.90232e-25
5.10449e-25
3.29544e-25
2.12638e-25
1.37131e-25
8.83897e-26
5.6943e-26
3.66651e-26
2.35962e-26
1.51779e-26
9.75801e-27
6.27039e-27
4.02729e-27
2.58534e-27
1.65887e-27
1.0639e-27
6.81991e-28
4.36972e-28
2.7985e-28
1.79141e-28
1.14622e-28
7.33063e-29
4.68619e-29
2.99436e-29
1.91248e-29
1.22096e-29
7.79139e-30
4.96984e-30
3.16873e-30
2.01951e-30
1.28654e-30
8.19259e-31
5.21484e-31
3.31805e-31
2.11033e-31
1.34167e-31
8.52644e-32
5.41651e-32
3.43955e-32
2.18332e-32
1.38537e-32
8.78721e-33
5.57151e-33
3.53129e-33
2.23735e-33
1.41701e-33
8.97136e-34
5.67788e-34
3.59219e-34
2.27185e-34
1.43631e-34
9.07747e-35
5.73499e-35
3.62204e-35
2.28679e-35
1.44329e-35
9.10621e-36
5.74352e-36
3.6214e-36
2.28263e-36
1.43831e-36
9.06013e-37
5.70529e-37
3.59158e-37
2.26026e-37
1.42199e-37
8.94344e-38
5.62316e-38
3.53448e-38
2.22097e-38
1.39518e-38
8.76176e-39
5.50081e-39
3.45253e-39
2.16632e-39
1.3589e-39
8.52175e-40
5.34256e-40
3.3485e-40
2.09813e-40
1.31431e-40
8.23085e-41
5.15319e-41
3.22547e-41
2.01834e-41
1.26265e-41
7.89699e-42
4.93773e-42
3.08662e-42
1.92898e-42
1.20522e-42
7.52826e-43
4.70129e-43
2.93517e-43
1.83208e-43
1.14328e-43
7.13271e-44
4.44892e-44
2.7743e-44
1.72962e-44
1.07807e-44
6.71808e-45
4.18547e-45
2.60702e-45
1.62349e-45
1.01078e-45
6.29169e-46
3.91547e-46
2.43616e-46
1.51543e-46
9.42479e-47
5.86025e-47
3.64308e-47
2.26429e-47
1.40703e-47
8.74152e-48
5.42978e-48
3.37201e-48
2.09367e-48
1.2997e-48
8.06657e-49
5.00555e-49
3.10548e-49
1.9263e-49
1.19463e-49
7.40732e-50
4.59206e-50
2.84624e-50
1.76383e-50
1.09285e-50
6.76992e-51
4.19304e-51
2.59654e-51
1.60762e-51
9.95167e-52
6.1593e-52
3.81145e-52
2.35817e-52
1.45876e-52
9.0223e-53
5.57928e-53
3.44957e-53
2.13246e-53
1.31802e-53
8.14504e-54
5.03261e-54
3.10901e-54
1.92035e-54
1.18596e-54
7.32303e-55
4.52109e-55
2.79079e-55
1.72243e-55
1.0629e-55
6.55805e-56
4.04567e-56
2.49541e-56
1.53896e-56
9.48962e-57
5.85067e-57
3.60661e-57
2.22294e-57
1.36992e-57
8.44113e-58
5.20048e-58
3.2035e-58
1.97308e-58
1.21508e-58
7.48176e-59
4.60621e-59
2.83547e-59
1.7452e-59
1.07401e-59
6.60867e-60
4.06595e-60
2.50121e-60
1.53847e-60
9.46131e-61
5.81858e-61
3.57639e-61
2.20077e-61
1.34881e-61
8.36383e-62
5.00371e-62
3.32359e-62
1.59004e-62
1.79065e-62
-3.54608e-63
2.36161e-62
-3.08898e-62
6.03003e-62
-1.00336e-61
1.7459e-61
-2.9582e-61
5.00721e-61
-8.38928e-61
1.39592e-60
-2.30391e-60
3.77342e-60
-6.1318e-60
9.88661e-60
-1.5816e-59
2.51036e-59
-3.95326e-59
6.17663e-59
-9.57451e-59
1.47246e-58
-2.24661e-58
3.40065e-58
-5.10665e-58
7.60756e-58
-1.1243e-57
1.6483e-57
-2.39717e-57
3.45833e-57
-4.94909e-57
7.02536e-57
-9.89206e-57
1.38156e-56
-1.91385e-56
2.6296e-56
-3.58349e-56
4.84334e-56
-6.49226e-56
8.63071e-56
-1.13785e-55
1.48764e-55
-1.92875e-55
2.47971e-55
-3.16127e-55
3.99618e-55
-5.0088e-55
6.22465e-55
-7.66958e-55
9.36889e-55
-1.13461e-54
1.36218e-54
-1.62117e-54
1.91255e-54
-2.2365e-54
2.59224e-54
-2.97792e-54
3.39048e-54
-3.82557e-54
4.27757e-54
-4.73959e-54
5.20357e-54
-5.66051e-54
6.10065e-54
-6.51382e-54
6.88982e-54
-7.21874e-54
7.49148e-54
-7.70006e-54
7.83805e-54
-7.90088e-54
7.88607e-54
-7.7934e-54
7.62492e-54
-7.38491e-54
7.07969e-54
-6.71736e-54
6.30742e-54
-5.86038e-54
5.38727e-54
-4.89924e-54
4.40705e-54
-3.92075e-54
3.44929e-54
-3.00028e-54
2.57988e-54
-2.19264e-54
1.84156e-54
-1.52819e-54
1.2527e-54
-1.01417e-54
8.10694e-55
-6.39713e-55
4.98172e-55
-3.82749e-55
2.90039e-55
-2.16701e-55
1.59576e-55
-1.15773e-55
8.27155e-56
-5.81701e-56
4.02453e-56
-2.73762e-56
1.82973e-56
-1.20068e-56
7.72892e-57
-4.87567e-57
3.01072e-57
-1.81732e-57
1.07056e-57
-6.14226e-58
3.42372e-58
-1.84805e-58
9.61842e-59
-4.79796e-59
2.27361e-59
-1.00903e-59
4.08789e-60
-1.4301e-60
3.63457e-61
0
