0
2.31713e-63
5.98041e-60
6.86199e-57
4.69146e-54
2.15936e-51
7.163e-49
1.78928e-46
3.47098e-44
5.3502e-42
6.67026e-40
6.82236e-38
5.7915e-36
4.12024e-34
2.47682e-32
1.26697e-30
5.54864e-29
2.09158e-27
6.81819e-26
1.93011e-24
4.76243e-23
1.02767e-21
1.94522e-20
3.23856e-19
4.75432e-18
6.16834e-17
7.08779e-16
7.22728e-15
6.55196e-14
5.29026e-13
3.81107e-12
2.45372e-11
1.41437e-10
7.31183e-10
3.39637e-09
1.42029e-08
5.35818e-08
1.82777e-07
5.65144e-07
1.5882e-06
4.06854e-06
9.53135e-06
2.04907e-05
4.05728e-05
7.42467e-05
0.000125598
0.000191812
0.000213601
-0.000278627
-0.00410207
-0.0232317
-0.0872511
-0.218676
-0.414339
-0.654292
-0.918122
-1.19253
-1.47093
-1.75065
-2.03077
-2.311
-2.59125
-2.87151
-3.15177
-3.43202
-3.71226
-3.9925
-4.27273
-4.55295
-4.83317
-5.11337
-5.39357
-5.67377
-5.95396
-6.23415
-6.51433
-6.79451
-7.07469
-7.35486
-7.63504
-7.91521
-8.19538
-8.47556
-8.75573
-9.0359
-9.31607
-9.59623
-9.87639
-10.1565
-10.4366
-10.7165
-10.9958
-11.2732
-11.5448
-11.7985
-11.9965
-12.0212
-11.5066
-9.31396
-1.92306
20.691
10.5171
