8.61067
43.4542
56.5868
59.1517
57.0857
53.2256
48.7778
44.2109
39.7053
35.3401
31.1603
27.1966
23.4715
20.001
16.7952
13.8588
11.1917
8.78967
6.64514
4.74753
3.08408
1.64035
0.400822
-0.650684
-1.53055
-2.25503
-2.83995
-3.30045
-3.65087
-3.90457
-4.07386
-4.17
-4.20315
-4.18242
-4.11586
-4.01061
-3.87285
-3.70797
-3.52059
-3.31466
-3.09352
-2.86
-2.61645
-2.36482
-2.10673
-1.8435
-1.57621
-1.3058
-1.03344
-0.762503
-0.505417
-0.292113
-0.145382
-0.0622693
-0.0229912
-0.00725803
-0.00186778
-0.000304153
5.24084e-05
9.0194e-05
6.58406e-05
4.03541e-05
2.31726e-05
1.2896e-05
7.03957e-06
3.78638e-06
2.01059e-06
1.0551e-06
5.47583e-07
2.81236e-07
1.43023e-07
7.20594e-08
3.59878e-08
1.78244e-08
8.7594e-09
4.27298e-09
2.07e-09
9.96251e-10
4.76533e-10
2.26621e-10
1.07187e-10
5.04384e-11
2.36206e-11
1.10118e-11
5.11189e-12
2.36362e-12
1.08882e-12
4.99818e-13
2.2869e-13
1.04316e-13
4.74476e-14
2.15235e-14
9.73932e-15
4.39676e-15
1.98059e-15
8.90394e-16
3.99531e-16
1.78943e-16
7.99308e-17
3.52987e-17
1.41523e-17
0
