0
0
0
0
0
0
0
0
0
0
0
0
0
0
0
0
0
0
0
0
0
0
0
0
0
0
0
0
0
0
0
0
0
0
0
0
0
0
0
0
0
0
0
0
0
0
0
0
0
0
0
0
0
0
0
0
0
0
0
0
0
0
0
0
0
0
0
0
0
0
0
0
0
0
0
0
0
0
0
0
0
0
0
0
0
0
0
0
0
0
0
0
0
0
0
0
0
0
0
0
0
0
0
0
0
0
0
0
0
0
0
0
0
0
0
0
0
0
0
0
0
0
0
0
0
0
0
0
0
0
0
0
0
0
0
0
0
0
0
0
0
0
0
0
0
0
0
0
0
0
0
0
0
0
0
0
0
0
0
0
0
0
0
0
0
0
0
0
0
0
0
0
0
0
0
0
0
0
0
0
0
0
0
0
9.88131e-324
9.88131e-324
9.88131e-324
9.88131e-324
9.88131e-324
9.88131e-324
9.88131e-324
9.88131e-324
9.88131e-324
9.88131e-324
9.88131e-324
9.88131e-324
9.88131e-324
9.88131e-324
9.88131e-324
9.88131e-324
9.88131e-324
9.88131e-324
9.88131e-324
9.88131e-324
9.88131e-324
9.88131e-324
9.88131e-324
9.88131e-324
9.88131e-324
9.88131e-324
9.88131e-324
9.88131e-324
9.88131e-324
9.88131e-324
9.88131e-324
9.88131e-324
9.88131e-324
9.88131e-324
9.88131e-324
9.88131e-324
9.88131e-324
9.88131e-324
9.88131e-324
9.88131e-324
9.88131e-324
8.39912e-323
9.09081e-322
9.73803e-321
1.0452e-319
1.12189e-318
1.20419e-317
1.29252e-316
1.38733e-315
1.4891e-314
1.59833e-313
1.71557e-312
1.84141e-311
1.97648e-310
2.12147e-309
2.27708e-308
2.44411e-307
2.6234e-306
2.81583e-305
3.02238e-304
3.24408e-303
3.48204e-302
3.73746e-301
4.01162e-300
4.30588e-299
4.62173e-298
4.96075e-297
5.32464e-296
5.71522e-295
6.13444e-294
6.58443e-293
7.06741e-292
7.58583e-291
8.14227e-290
8.73954e-289
9.38061e-288
1.00687e-286
1.08073e-285
1.16e-284
1.24509e-283
1.33642e-282
1.43445e-281
1.53968e-280
1.65262e-279
1.77384e-278
1.90396e-277
2.04362e-276
2.19352e-275
2.35443e-274
2.52713e-273
2.7125e-272
2.91147e-271
3.12504e-270
3.35427e-269
3.60032e-268
3.86441e-267
4.14788e-266
4.45214e-265
4.77872e-264
5.12925e-263
5.5055e-262
5.90934e-261
6.34281e-260
6.80808e-259
7.30747e-258
7.8435e-257
8.41884e-256
9.03639e-255
9.69924e-254
1.04107e-252
1.11744e-251
1.1994e-250
1.28738e-249
1.38182e-248
1.48318e-247
1.59197e-246
1.70875e-245
1.83409e-244
1.96863e-243
2.11303e-242
2.26803e-241
2.4344e-240
2.61297e-239
2.80464e-238
3.01037e-237
3.23119e-236
3.46821e-235
3.72261e-234
3.99568e-233
4.28877e-232
4.60337e-231
4.94104e-230
5.30348e-229
5.6925e-228
6.11007e-227
6.55826e-226
7.03933e-225
7.55568e-224
8.10992e-223
8.70481e-222
9.34333e-221
1.00287e-219
1.07643e-218
1.15539e-217
1.24014e-216
1.33111e-215
1.42875e-214
1.53356e-213
1.64605e-212
1.76679e-211
1.89639e-210
2.0355e-209
2.18481e-208
2.34507e-207
2.51709e-206
2.70172e-205
2.8999e-204
3.11262e-203
3.34094e-202
3.58601e-201
3.84906e-200
4.1314e-199
4.43445e-198
4.75973e-197
5.10887e-196
5.48362e-195
5.88586e-194
6.31761e-193
6.78102e-192
7.27843e-191
7.81233e-190
8.38539e-189
9.00048e-188
9.66069e-187
1.03693e-185
1.113e-184
1.19464e-183
1.28227e-182
1.37633e-181
1.47728e-180
1.58565e-179
1.70196e-178
1.8268e-177
1.96081e-176
2.10464e-175
2.25902e-174
2.42473e-173
2.60259e-172
2.79349e-171
2.99841e-170
3.21835e-169
3.45442e-168
3.70782e-167
3.9798e-166
4.27173e-165
4.58507e-164
4.9214e-163
5.2824e-162
5.66988e-161
6.08579e-160
6.5322e-159
7.01135e-158
7.52566e-157
8.07769e-156
8.67021e-155
9.3062e-154
9.98884e-153
1.07216e-151
1.1508e-150
1.23522e-149
1.32582e-148
1.42308e-147
1.52746e-146
1.63951e-145
1.75977e-144
1.88886e-143
2.02741e-142
2.17613e-141
2.33575e-140
2.50709e-139
2.69099e-138
2.88838e-137
3.10025e-136
3.32767e-135
3.57176e-134
3.83376e-133
4.11498e-132
4.41682e-131
4.74081e-130
5.08857e-129
5.46183e-128
5.86247e-127
6.2925e-126
6.75407e-125
7.24951e-124
7.78128e-123
8.35206e-122
8.96471e-121
9.6223e-120
1.03281e-118
1.10857e-117
1.18989e-116
1.27717e-115
1.37086e-114
1.47141e-113
1.57934e-112
1.69519e-111
1.81954e-110
1.95301e-109
2.09627e-108
2.25003e-107
2.41508e-106
2.59223e-105
2.78237e-104
2.98647e-103
3.20553e-102
3.44066e-101
3.69303e-100
3.96391e-99
4.25466e-98
4.56673e-97
4.90169e-96
5.26121e-95
5.64709e-94
6.06126e-93
6.50579e-92
6.9829e-91
7.49498e-90
8.04458e-89
8.63444e-88
9.2675e-87
9.9469e-86
1.0676e-84
1.14584e-83
1.22981e-82
1.3199e-81
1.41656e-80
1.52027e-79
1.63153e-78
1.75086e-77
1.87885e-76
2.01608e-75
2.1632e-74
2.32088e-73
2.48982e-72
2.67075e-71
2.86443e-70
3.07164e-69
3.29316e-68
3.52976e-67
3.78221e-66
4.0512e-65
4.33735e-64
4.64115e-63
4.96289e-62
5.30259e-61
5.65989e-60
6.03394e-59
6.4232e-58
6.82528e-57
7.23665e-56
7.6524e-55
8.06583e-54
8.46814e-53
8.848e-52
9.1912e-51
9.48045e-50
9.69529e-49
9.81254e-48
9.80723e-47
9.65451e-46
9.33256e-45
8.82673e-44
8.13459e-43
7.27131e-42
6.27426e-41
5.46135e-40
110.517
