90.4837
45.2509
22.6255
11.3127
5.65637
2.82818
1.41409
0.707046
0.353523
0.176761
0.0883807
0.0441904
0.0220952
0.0110476
0.00552379
0.0027619
0.00138095
0.000690474
0.000345237
0.000172619
8.63093e-05
4.31546e-05
2.15773e-05
1.07887e-05
5.39433e-06
2.69717e-06
1.34858e-06
6.74291e-07
3.37146e-07
1.68573e-07
8.42864e-08
4.21432e-08
2.10716e-08
1.05358e-08
5.2679e-09
2.63395e-09
1.31698e-09
6.58488e-10
3.29244e-10
1.64622e-10
8.23109e-11
4.11555e-11
2.05777e-11
1.02889e-11
5.14443e-12
2.57222e-12
1.28611e-12
6.43054e-13
3.21527e-13
1.60764e-13
8.03818e-14
4.01909e-14
2.00954e-14
1.00477e-14
5.02386e-15
2.51193e-15
1.25597e-15
6.27983e-16
3.13992e-16
1.56996e-16
7.84985e-17
3.92496e-17
1.96252e-17
9.81297e-18
4.90687e-18
2.45382e-18
1.2273e-18
6.14044e-19
3.07417e-19
1.54105e-19
7.74502e-20
3.91235e-20
1.99608e-20
1.03798e-20
5.58963e-21
3.19476e-21
1.99748e-21
1.39894e-21
1.09975e-21
9.50197e-22
8.75455e-22
8.38105e-22
8.19444e-22
8.10123e-22
8.05468e-22
8.03145e-22
8.01985e-22
8.01407e-22
8.01119e-22
8.00975e-22
8.00904e-22
8.00868e-22
8.00851e-22
8.00842e-22
8.00838e-22
8.00835e-22
8.00834e-22
8.00834e-22
8.00834e-22
8.00834e-22
8.00833e-22
8.00833e-22
8.00833e-22
8.00833e-22
8.00833e-22
8.00833e-22
8.00833e-22
8.00833e-22
8.00833e-22
8.00833e-22
8.00833e-22
8.00833e-22
8.00833e-22
8.00833e-22
8.00833e-22
8.00833e-22
8.00833e-22
8.00833e-22
8.00833e-22
8.00833e-22
8.00833e-22
8.00833e-22
8.00833e-22
8.00833e-22
8.00833e-22
8.00833e-22
8.00833e-22
8.00833e-22
8.00833e-22
8.00833e-22
8.00833e-22
8.00833e-22
8.00833e-22
8.00833e-22
8.00833e-22
8.00833e-22
8.00833e-22
8.00833e-22
8.00833e-22
8.00833e-22
8.00833e-22
8.00833e-22
8.00833e-22
8.00833e-22
8.00833e-22
8.00833e-22
8.00833e-22
8.00833e-22
8.00833e-22
8.00833e-22
8.00833e-22
8.00833e-22
8.00833e-22
8.00833e-22
8.00833e-22
8.00833e-22
8.00833e-22
8.00833e-22
8.00833e-22
8.00833e-22
8.00833e-22
8.00833e-22
8.00833e-22
8.00833e-22
8.00833e-22
8.00833e-22
8.00833e-22
8.00833e-22
8.00833e-22
8.00833e-22
8.00833e-22
8.00833e-22
8.00833e-22
8.00833e-22
8.00833e-22
8.00833e-22
8.00833e-22
8.00833e-22
8.00833e-22
8.00833e-22
8.00833e-22
8.00833e-22
8.00833e-22
8.00833e-22
8.00833e-22
8.00833e-22
8.00833e-22
8.00833e-22
8.00833e-22
8.00833e-22
8.00833e-22
8.00833e-22
8.00833e-22
8.00833e-22
8.00833e-22
8.00833e-22
8.00833e-22
8.00833e-22
8.00833e-22
8.00833e-22
8.00833e-22
8.00833e-22
8.00833e-22
8.00833e-22
8.00833e-22
8.00833e-22
8.00833e-22
8.00833e-22
8.00833e-22
8.00833e-22
8.00833e-22
8.00833e-22
8.00833e-22
8.00833e-22
8.00833e-22
8.00833e-22
8.00833e-22
8.00833e-22
8.00833e-22
8.00833e-22
8.00833e-22
8.00833e-22
8.00833e-22
8.00833e-22
8.00833e-22
8.00833e-22
8.00833e-22
8.00833e-22
8.00833e-22
8.00833e-22
8.00833e-22
8.00833e-22
8.00833e-22
8.00833e-22
8.00833e-22
8.00833e-22
8.00833e-22
8.00833e-22
8.00833e-22
8.00833e-22
8.00833e-22
8.00833e-22
8.00833e-22
8.00833e-22
8.00833e-22
8.00833e-22
8.00833e-22
8.00833e-22
8.00833e-22
8.00833e-22
8.00833e-22
8.00833e-22
8.00833e-22
8.00833e-22
8.00833e-22
8.00833e-22
8.00833e-22
8.00833e-22
8.00833e-22
8.00833e-22
8.00833e-22
8.00833e-22
8.00833e-22
8.00833e-22
8.00833e-22
8.00833e-22
8.00833e-22
8.00833e-22
8.00833e-22
8.00833e-22
8.00833e-22
8.00833e-22
8.00833e-22
8.00833e-22
8.00833e-22
8.00833e-22
8.00833e-22
8.00833e-22
8.00833e-22
8.00833e-22
8.00833e-22
8.00833e-22
8.00833e-22
8.00833e-22
8.00833e-22
8.00833e-22
8.00833e-22
8.00833e-22
8.00833e-22
8.00833e-22
8.00833e-22
8.00833e-22
8.00833e-22
8.00833e-22
8.00833e-22
8.00833e-22
8.00833e-22
8.00833e-22
8.00833e-22
8.00833e-22
8.00833e-22
8.00833e-22
8.00833e-22
8.00833e-22
8.00833e-22
8.00833e-22
8.00833e-22
8.00833e-22
8.00833e-22
8.00833e-22
8.00833e-22
8.00833e-22
8.00833e-22
8.00833e-22
8.00833e-22
8.00833e-22
8.00833e-22
8.00833e-22
8.00833e-22
8.00833e-22
8.00833e-22
8.00833e-22
8.00833e-22
8.00833e-22
8.00833e-22
8.00833e-22
8.00833e-22
8.00833e-22
8.00833e-22
8.00833e-22
8.00833e-22
8.00833e-22
8.00833e-22
8.00833e-22
8.00833e-22
8.00833e-22
8.00833e-22
8.00833e-22
8.00833e-22
8.00833e-22
8.00833e-22
8.00833e-22
8.00833e-22
8.00833e-22
8.00833e-22
8.00833e-22
8.00833e-22
8.00833e-22
8.00833e-22
8.00833e-22
8.00833e-22
8.00833e-22
8.00833e-22
8.00833e-22
8.00833e-22
8.00833e-22
8.00833e-22
8.00833e-22
8.00833e-22
8.00833e-22
8.00833e-22
8.00833e-22
8.00833e-22
8.00833e-22
8.00833e-22
8.00833e-22
8.00833e-22
8.00833e-22
8.00833e-22
8.00833e-22
8.00833e-22
8.00833e-22
8.00833e-22
8.00833e-22
8.00833e-22
8.00833e-22
8.00833e-22
8.00833e-22
8.00833e-22
8.00833e-22
8.00833e-22
8.00833e-22
8.00833e-22
8.00833e-22
8.00833e-22
8.00833e-22
8.00833e-22
8.00833e-22
8.00833e-22
8.00833e-22
8.00833e-22
8.00833e-22
8.00833e-22
8.00833e-22
8.00833e-22
8.00833e-22
8.00833e-22
8.00833e-22
8.00833e-22
8.00833e-22
8.00833e-22
8.00833e-22
8.00833e-22
8.00833e-22
8.00833e-22
8.00833e-22
8.00833e-22
8.00833e-22
8.00833e-22
8.00833e-22
8.00833e-22
8.00833e-22
8.00833e-22
8.00833e-22
8.00833e-22
8.00833e-22
8.00833e-22
8.00833e-22
8.00833e-22
8.00833e-22
8.00833e-22
8.00833e-22
8.00833e-22
8.00833e-22
8.00833e-22
8.00833e-22
8.00833e-22
8.00833e-22
8.00833e-22
8.00833e-22
8.00833e-22
8.00833e-22
8.00833e-22
8.00833e-22
8.00833e-22
8.00833e-22
8.00833e-22
8.00833e-22
8.00833e-22
8.00833e-22
8.00833e-22
8.00833e-22
8.00833e-22
8.00833e-22
8.00833e-22
8.00833e-22
8.00833e-22
8.00833e-22
8.00833e-22
8.00833e-22
8.00833e-22
8.00833e-22
8.00833e-22
8.00833e-22
8.00833e-22
8.00833e-22
8.00833e-22
8.00833e-22
8.00833e-22
8.00833e-22
8.00833e-22
8.00833e-22
8.00833e-22
8.00833e-22
8.00833e-22
8.00833e-22
8.00833e-22
8.00833e-22
8.00833e-22
8.00833e-22
8.00833e-22
8.00833e-22
8.00833e-22
8.00833e-22
8.00833e-22
8.00833e-22
8.00833e-22
8.00833e-22
8.00833e-22
8.00833e-22
8.00833e-22
8.00833e-22
8.00833e-22
8.00833e-22
8.00833e-22
8.00833e-22
8.00833e-22
8.00833e-22
8.00833e-22
8.00833e-22
8.00833e-22
8.00833e-22
8.00833e-22
8.00833e-22
8.00833e-22
8.00833e-22
8.00833e-22
8.00833e-22
8.00833e-22
8.00833e-22
8.00833e-22
0
